

6 10
6 11
7 10
7 11
6 20
7 20
8 20
5 21
4 22
4 23
9 21
10 22
10 23
7 24
5 25
9 25
6 26
7 26
8 26
7 27 
6 30
5 30
4 30
6 31
5 31
4 31
3 32
7 32
3 34
2 34
7 34
8 34
5 44
4 44
5 45
4 45

99 99
99 0
99 1
99 2
99 3
99 4
99 5
99 6
99 7
99 8
99 9
99 10
99 11
99 12

50 35
50 36 
50 37
50 38
50 39 
50 40
55 77
55 78 
55 79
54 80

70 30 
70 31 
70 32 
70 36
70 37 
70 38
72 28
72 33
72 35
72 40
73 28
73 33
73 35
73 40
74 28
74 33
74 35
74 40
75 30 
75 31 
75 32 
75 36
75 37 
75 38
77 30 
77 31 
77 32 
77 36
77 37 
77 38
78 28
78 33
78 35
78 40
79 28
79 33
79 35
79 40
80 28
80 33
80 35
80 40
82 30 
82 31 
82 32 
82 36
82 37 
82 38

75 3
75 16
76 3
76 16
77 2
77 4
77 15
77 17
78 3
78 16
79 3
79 16
80 4
80 8
80 9
80 10
80 11
80 15
81 8
81 9
81 10
81 11
82 4
82 5
82 6
82 7
82 12
82 13
82 14
82 15
84 6
84 13
85 7
85 8
85 11
85 12

22 0
22 1
22 3
22 4
22 6
22 7
22 9
22 10
22 12
22 13
22 15
22 16
22 18
22 19
22 21
22 22
21 0
21 1
21 3
21 4
21 6
21 7
21 9
21 10
21 12
21 13
21 15
21 16
21 18
21 19
21 21
21 22

4 84
4 85
4 86
4 87
4 88
4 89
4 91
4 92
5 84
5 85
5 86
5 87
5 88
5 89
5 91
5 92
6 91
6 92
7 84
7 85
7 91
7 92
8 84
8 85
8 91
8 92
9 84
9 85
9 91
9 92
10 84
10 85
11 84
11 85
11 87
11 88
11 89
11 90
11 91
11 92
12 84
12 85
12 87
12 88
12 89
12 90
12 91
12 92

60 70
60 71
60 72
60 73
61 70
61 73
62 68
62 69
62 70
62 73
62 74
62 75
63 68
63 75
64 68
64 75
65 68
65 69
65 70
65 73
65 74
65 75
66 70
66 73
67 70
67 71
67 72
67 73

80 70
80 71
80 72
80 73
81 70
81 73
82 68
82 70
82 73
82 74
82 75
83 68
83 75
84 68
84 75
85 68
85 70
85 73
85 74
85 75
86 70
86 73
87 70
87 71
87 72
87 73